    unsorted:	 -1.656219622e-028 6.477191974e-008
      sorted:	 -1.656219622e-028 6.477191974e-008
